0 20 22 15 11 20 13 10 12 17 21 20 23 22 15 13 20 20 16 
19 0 7 8 16 6 13 15 16 11 12 12 10 8 11 12 17 16 19 
21 8 0 10 19 3 14 17 17 9 11 10 6 4 10 12 15 15 21 
15 9 9 0 13 9 11 12 13 5 7 6 8 8 4 10 16 15 16 
11 17 19 13 0 18 8 1 5 15 18 18 19 19 13 7 15 14 12 
19 6 2 9 17 0 12 15 16 9 11 11 6 5 10 10 13 13 19 
13 13 14 10 8 12 0 6 6 15 18 17 14 14 13 2 9 9 12 
10 16 18 12 2 16 6 0 3 14 17 16 18 18 11 6 13 12 11 
12 16 17 13 5 16 6 3 0 15 18 17 17 17 12 5 13 12 12 
17 11 9 5 15 10 16 14 15 0 4 3 8 7 4 15 20 20 18 
20 12 11 7 18 11 18 17 18 4 0 3 10 9 5 17 22 21 21 
19 12 10 6 17 11 17 16 17 3 3 0 9 8 5 16 21 21 20 
22 9 5 8 20 5 14 18 17 8 10 9 0 4 9 12 15 15 22 
21 8 3 8 19 5 14 17 17 7 9 8 4 0 8 12 14 14 21 
14 11 10 4 13 10 14 11 12 4 5 5 9 8 0 12 18 18 15 
13 12 12 9 8 10 2 6 5 15 17 16 12 12 12 0 7 7 12 
20 17 15 16 15 13 10 13 13 20 22 21 15 15 18 8 0 2 13 
20 16 15 15 15 13 9 13 12 20 22 21 15 15 18 7 3 0 16 
16 19 21 15 13 20 11 11 11 17 21 20 23 22 15 11 13 16 0 
