0 7 15 15 14 2 2 2 1 1 1 4 4 3 6 5 4 8 16 17 18 16 16 
7 0 8 8 7 7 8 8 7 7 7 8 8 7 9 9 8 5 12 12 15 12 11 
14 7 0 1 3 14 14 14 13 14 14 15 15 14 15 16 12 9 10 11 14 10 10 
13 7 1 0 3 14 14 14 13 14 14 15 15 14 15 16 12 9 10 11 14 10 10 
13 7 4 4 0 13 13 14 13 13 13 14 14 13 15 15 13 10 10 11 14 10 10 
2 7 15 15 14 0 1 1 1 2 2 4 4 3 6 5 4 8 16 17 18 16 16 
2 8 16 15 14 1 0 1 1 2 2 4 4 3 6 5 5 8 16 17 19 16 16 
2 8 15 15 14 1 1 0 1 2 2 4 4 3 6 5 4 8 16 17 18 16 16 
2 7 15 15 14 1 1 1 0 2 2 3 4 3 6 5 4 7 16 16 18 16 15 
1 7 15 15 14 2 2 2 1 0 1 4 4 3 6 5 4 8 16 17 18 16 16 
1 7 15 15 14 2 2 2 1 1 0 4 4 3 6 5 4 8 16 17 18 16 16 
4 8 16 16 15 3 4 4 3 4 4 0 2 1 2 2 3 7 17 17 17 16 16 
4 8 15 15 16 4 4 4 3 4 4 2 0 2 4 3 3 7 17 17 17 17 16 
3 7 15 15 14 3 3 3 2 3 3 1 2 0 4 3 3 6 16 16 16 16 15 
6 9 17 17 16 6 6 6 6 6 6 3 4 4 0 3 6 9 18 18 20 17 17 
5 9 17 17 16 5 5 5 4 5 5 2 3 3 2 0 5 8 18 18 18 17 17 
4 8 12 12 13 4 5 4 4 4 4 3 3 3 6 5 0 4 14 15 14 14 13 
7 5 10 10 10 7 7 7 7 7 7 7 7 6 9 8 4 0 14 15 14 13 14 
16 12 11 11 10 16 16 17 16 16 16 17 17 16 18 18 15 16 0 1 5 8 7 
17 13 11 11 11 17 17 17 17 17 17 17 18 17 19 19 16 17 1 0 6 9 8 
18 14 13 13 13 18 19 19 18 18 18 18 18 17 20 19 15 15 5 6 0 10 9 
16 11 10 10 10 16 16 16 15 16 16 16 16 15 17 17 15 13 7 8 10 0 2 
16 12 10 10 10 16 16 16 15 16 16 16 16 16 17 17 16 14 7 8 9 2 0 
